   4.0736184e+00   3.2787035e+00   9.2158926e+00
   4.5289597e+00   1.7855839e-01   7.7061581e+00
   6.3493408e-01   4.2456465e+00   7.0872559e+00
   4.5668793e+00   4.6699662e+00   1.0486769e+01
   3.1617962e+00   3.3936758e+00   8.4791545e+00
   4.8770202e-01   3.7887007e+00   6.6603769e+00
   1.3924911e+00   3.7156623e+00   7.3269024e+00
   2.7344076e+00   1.9611351e+00   7.4269779e+00
   4.7875342e+00   3.2773895e+00   9.9057876e+00
   4.8244427e+00   8.5593344e-01   8.4840415e+00
   7.8806541e-01   3.5302304e+00   6.6622253e+00
   4.8529639e+00   1.5916423e-01   7.9856056e+00
   4.7858347e+00   1.3846149e+00   8.5380250e+00
   2.4268782e+00   2.3085695e-01   5.9686667e+00
   4.0014023e+00   4.8565891e-01   7.4918323e+00
   7.0943169e-01   4.1172891e+00   7.1911819e+00
   2.1088064e+00   3.4741431e+00   7.6945644e+00
   4.5786776e+00   1.5854974e+00   8.6513784e+00
   3.9610366e+00   4.7511102e+00   9.9969370e+00
   4.7974621e+00   1.7223040e-01   8.0530436e+00
